
data[0] = 3.141590
data[1] = 9.990000
data[2] = 1.500000
data[3] = 3.000000
data[4] = 1000.000122